300
315
-891
527
-463
784
-156
932
-608
421
-375
689
-814
198
-745
523
-987
642
-419
866
-531
709
-178
825
-694
441
-367
958
-612
286
-839
507
-456
775
-623
934
-205
671
-748
512
-821
395
-672
547
-384
913
-718
268
-906
635
-502
759
-427
881
-594
304
-665
436
-189
823
-557
704
-341
976
-618
489
-738
563
-892
218
782
-473
847
-325
614
-729
398
-158
931
-687
544
-417
809
-569
765
-640
521
-314
864
-496
733
-803
211
1000
468
-562
876
-407
719
-293
957
-631
572
-185
1001
-749
506
-638
918
-452
774
-826
295
-688
413
-361
859
-615
1002
-723
641
-487
983
-234
1003
-519
867
-402
756
-831
368
1004
437
-176
892
-583
715
-647
503
-291
951
-739
1005
-554
813
1006
767
-328
926
-455
714
-198
845
-712
536
-469
891
-624
374
-789
612
1007
953
-681
495
-365
827
-702
248
-614
538
-894
773
-506
159
-837
692
-423
546
-721
314
-869
435
-197
1008
-667
529
-312
1009
-651
418
-835
1010
-538
924
1011
606
-179
887
-719
551
-289
797
-634
472
-847
623
-508
1012
-356
265
-683
439
-802
1013
-591
1014
-123
1015
-645
402
-758
921
-434
687
-816
1016
1017
542
-251
1018
1019
1020
-428
851
-639
298
-703
627
-471
1021
-586
1022
-319
868
-704
1023
-192
952
645
-871
208
-756
483
-628
819
1024
1025
936
-467
581
-798
376
1026
539
-276
1027
1028
688
1029
251
-592
815
-649
412
-184
1030
1031
518
-396
1032
1033
289
-769
1034
-482
1035
-315
702
-859
427
1036
1037
-209
894
-536
319
-671
548
-438
923
